13085
15001
10362
13933
11272
10652
10203
13938
13068
11308
13932
10828
14600
10126
10213
10368
12510
13925
14788
11380
10880
13063
11410
13940
10825
15011
12509
11409
11345
14602
10217
11103
13062
12959
13066
14751
10423
10795
11081
10698
13156
12515
13942
12568
11113
10285
10375
11408
14582
10521
10523
10220
11392
13167
14596
10587
14759
14617
10844
10058
11379
11157
15143
15531
13061
11149
14610
13934
13091
11080
11195
10641
13941
10363
12852
10783
13924
13939
10909
14609
10360
10131
14581
14760
11090
10299
10145
15535
11301
14756
11310
11497
14999
13058
14583
10381
10609
15003
14113
10653
11393
15146
11368
12992
11156
10863
10425
10933
11217
13178
10161
14627
12949
13064
